ColorX: 0.133574
ColorY: 0.133574
ColorZ: 0.133574