ColorX: 0.166065
ColorY: 0.166065
ColorZ: 0.166065