ColorX: 0.1083032
ColorY: 0.1083032
ColorZ: 0.1083032