ColorX: 0.1299639
ColorY: 0.1299639
ColorZ: 0.1299639